Gene1,Gene2,Type
g17,g18,+
g18,g18,+
g4,g5,+
g7,g8,+
g12,g13,+
g9,g10,+
g16,g17,+
g11,g12,+
g2,g3,+
g14,g15,+
g1,g2,+
g8,g9,+
g15,g16,+
g13,g14,+
g18,g1,-
g10,g11,+
g5,g6,+
g3,g4,+
g6,g7,+
